20
%Positions in step 20300
A: 0.000000 0.000000 0.000000
R: -3.696077 0.852063 -0.359306
N: -4.753518 -2.805815 -0.225719
D: -4.234579 -3.951292 -3.822201
C: -0.555707 -2.997317 -4.090402
Q: -0.414726 0.551044 -5.470750
E: -1.777237 4.037129 -4.758800
G: -4.594422 3.778482 -7.310794
H: -5.985638 0.870347 -5.280186
I: -8.415662 0.065402 -8.102090
L: -8.391532 -2.721943 -10.699440
K: -7.629858 -5.294923 -7.994680
M: -6.418329 -8.031584 -10.352429
F: -3.939652 -6.213284 -12.603218
P: -5.211703 -4.825748 -15.915729
S: -5.789099 -1.261247 -14.700390
T: -2.485158 -1.119336 -12.808319
W: -3.131940 -1.945449 -9.145627
Y: -0.252183 -4.439985 -9.125923
V: -1.737950 -7.725343 -7.895060